88
331 134 386 165
371 138 418 165
396 157 453 180
431 196 478 204
458 240 488 248
487 312 549 335
497 378 556 395
489 431 553 445
454 495 523 494
380 534 463 524
287 557 346 543
237 518 309 524
203 423 271 422
190 377 266 368
184 327 255 328
176 289 255 280
174 266 261 248
181 229 271 219
184 202 282 174
186 162 299 136
213 102 326 108
241 75 362 79
254 47 393 62
290 11 429 48
385 13 486 43
468 56 547 100
497 39 584 78
511 137 602 189
567 93 660 155
530 239 616 291
602 174 702 245
587 333 675 386
621 264 719 327
629 333 722 382
651 380 726 444
640 414 732 481
603 468 725 539
589 520 705 574
542 554 675 592
559 597 749 614
613 623 779 626
225 613 287 611
156 643 202 641
252 272 312 287
266 283 327 298
281 302 345 311
230 269 315 310
213 276 294 308
223 297 287 299
239 302 302 290
250 283 309 298
397 293 450 303
414 302 469 314
429 316 482 325
401 321 459 332
382 317 438 328
356 306 415 324
381 293 434 309
396 303 448 312
280 434 344 428
322 441 381 440
352 457 417 454
239 437 304 431
268 450 335 446
299 452 368 454
247 464 317 463
283 478 341 477
323 472 382 471
284 258 351 285
234 240 314 266
199 243 278 272
327 260 397 286
376 256 442 284
438 274 476 284
287 351 346 355
282 385 337 384 
330 380 389 392
258 372 324 378
355 400 417 402
365 427 433 424
235 386 311 390
229 414 302 413
0 0 0 0
792 2 792 2
791 697 791 697
3 696 3 696
4 337 4 337
790 346 790 346